latitude,longitude,density
46.43096200,6.90867300,0.03278688524590164
46.43083400,6.90877800,0.01639344262295082
46.43096200,6.90867300,0.01639344262295082
46.43083400,6.90877800,0.01639344262295082
46.43083400,6.90877800,0.01639344262295082
46.43096200,6.90867300,0.01639344262295082
46.43083400,6.90877800,0.03278688524590164
46.43083400,6.90877800,0.03278688524590164
46.43096200,6.90867300,0.06557377049180328
46.43096200,6.90867300,0.09836065573770492
46.43083400,6.90877800,0.06557377049180328
46.43096200,6.90867300,0.04918032786885246
46.38774600,6.84368600,0.6785714285714286
46.43083400,6.90877800,0.0967741935483871
46.43096200,6.90867300,0.10344827586206896
46.43978700,6.88890300,0.028985507246376812
46.43972700,6.88896800,0.058823529411764705
46.43978700,6.88890300,0.057971014492753624
46.43978700,6.88890300,0.014492753623188406
46.43972700,6.88896800,0.21568627450980393
46.43978700,6.88890300,0.014492753623188406
46.36533580,6.44699340,0.041666666666666664
46.43978700,6.88890300,0.028985507246376812
46.43956010,6.89100010,0.375
46.43972700,6.88896800,0.19607843137254902
46.49102970,6.48016180,0.008130081300813009
46.46102200,6.83498300,0.018867924528301886
46.46102200,6.83498300,0.018867924528301886
46.46209900,6.83497200,0.95
46.46102200,6.83498300,0.018867924528301886
46.46102200,6.83498300,0.018867924528301886
46.45050680,6.85809180,0.47058823529411764
46.44629600,6.87696000,0.08333333333333333
46.22235000,6.15250000,0.07142857142857142
46.45224500,6.85518000,0.6470588235294118
46.22590880,6.14935720,0.15625
46.22590880,6.14935720,0.0625
46.22590880,6.14935720,0.03125
46.44629600,6.87696000,0.15
46.51471550,6.59858840,0.125
46.46102200,6.83498300,0.03773584905660377
46.22235000,6.15250000,0.07142857142857142
46.46209900,6.83497200,0.125
46.51326500,6.57097700,0.05555555555555555
46.51521500,6.57553100,0.041666666666666664
46.28919400,6.17056930,0.17177914110429449
46.46015600,6.83671800,0.05405405405405406
46.46102200,6.83498300,0.0851063829787234
46.46102200,6.83498300,0.02127659574468085
46.46015600,6.83671800,0.08108108108108109
46.51816900,6.58331900,0.025
46.46209900,6.83497200,0.03333333333333333
46.46015600,6.83671800,0.1891891891891892
46.46015600,6.83671800,0.05405405405405406
46.43972700,6.88896800,0.21052631578947367
46.45050680,6.85809180,0.23333333333333334
46.46015600,6.83671800,0.02702702702702703
46.51326500,6.57097700,0.047619047619047616
46.44721600,6.85961200,0.014285714285714285
46.46209900,6.83497200,0.06666666666666667
46.45050680,6.85809180,0.18181818181818182
46.40286930,6.28193580,0.14285714285714285
46.40281060,6.28195860,0.03529411764705882
46.45038920,6.85823420,0.23333333333333334
46.51831780,6.58960780,0.037037037037037035
46.51831780,6.58960780,0.14814814814814814
46.51831780,6.58960780,0.18518518518518517
46.51831780,6.58960780,0.18518518518518517
46.51831780,6.58960780,0.037037037037037035
46.51831780,6.58960780,0.037037037037037035
46.51269000,6.52765700,0.03333333333333333
46.51269000,6.52765700,0.04
46.51825600,6.58254600,0.6666666666666666
